name;sadhsad;jkashdksad;abc
1;1;1;1